1 0 2 0 0 40 24 2 2500 3300 500 10000 
1 1 2 0 1 25 42 1 2500 3300 500 10000 
1 2 2 1 3 40 27 2 2500 3300 500 10000 
1 3 2 1 14 38 30 1 2500 3300 500 10000 
1 6 2 1 12 47 36 2 2500 3300 500 10000 
1 7 2 1 1 25 26 1 2500 3300 500 10000 
1 5 2 0 5 29 47 1 2500 3300 500 10000 
1 4 2 0 4 36 28 2 2500 3300 500 10000 
1 10 2 1 7 27 31 2 2500 3300 500 10000 
1 8 2 0 8 44 32 2 2500 3300 500 10000 
1 11 2 1 7 31 24 1 2500 3300 500 10000 
1 9 2 0 9 33 36 1 2500 3300 500 10000 
1 14 2 1 22 36 46 2 2500 3300 500 10000 
1 13 2 0 13 37 27 1 2500 3300 500 10000 
1 15 2 1 23 47 45 1 2500 3300 500 10000 
1 12 2 0 12 42 36 2 2500 3300 500 10000 
1 18 2 1 0 34 24 2 2500 3300 500 10000 
1 16 2 0 16 43 40 2 2500 3300 500 10000 
1 19 2 1 9 33 40 1 2500 3300 500 10000 
1 17 2 0 17 41 33 1 2500 3300 500 10000 
1 22 2 1 7 40 31 2 2500 3300 500 10000 
1 23 2 1 12 36 24 1 2500 3300 500 10000 
1 20 2 0 20 25 44 2 2500 3300 500 10000 
1 21 2 0 21 45 36 1 2500 3300 500 10000 
