1 1 3 0 7 11 12 1 2500 3300 500 10000 
1 2 3 0 6 11 2 2 2500 3300 500 10000 
1 0 3 0 12 21 20 2 2500 3300 500 10000 
1 3 3 0 0 20 11 1 2500 3300 500 10000 
1 5 3 0 17 5 16 1 2500 3300 500 10000 
1 7 3 0 7 3 4 1 2500 3300 500 10000 
1 4 3 0 6 15 10 2 2500 3300 500 10000 
1 6 3 0 3 17 23 2 2500 3300 500 10000 
1 11 3 0 21 9 19 1 2500 3300 500 10000 
1 8 3 0 0 15 4 2 2500 3300 500 10000 
1 9 3 0 0 16 7 1 2500 3300 500 10000 
1 10 3 0 9 15 17 2 2500 3300 500 10000 
1 12 3 0 12 19 8 2 2500 3300 500 10000 
1 14 3 0 1 14 21 2 2500 3300 500 10000 
1 15 3 0 23 19 10 1 2500 3300 500 10000 
1 13 3 0 19 3 16 1 2500 3300 500 10000 
1 19 3 0 5 21 6 1 2500 3300 500 10000 
1 17 3 0 23 19 9 1 2500 3300 500 10000 
1 16 3 0 9 6 17 2 2500 3300 500 10000 
1 18 3 0 6 4 18 2 2500 3300 500 10000 
1 22 3 0 9 4 1 2 2500 3300 500 10000 
1 21 3 0 17 1 2 1 2500 3300 500 10000 
1 23 3 0 23 19 22 1 2500 3300 500 10000 
1 20 3 0 12 3 20 2 2500 3300 500 10000 
