1 3 1 1 22 50 46 1 2500 3300 500 10000 
1 1 1 0 0 28 49 1 2500 3300 500 10000 
1 0 1 0 18 47 46 2 2500 3300 500 10000 
1 2 1 1 16 28 44 2 2500 3300 500 10000 
1 7 1 1 7 35 49 1 2500 3300 500 10000 
1 5 1 0 7 35 43 1 2500 3300 500 10000 
1 6 1 1 0 32 28 2 2500 3300 500 10000 
1 4 1 0 19 51 47 2 2500 3300 500 10000 
1 9 1 0 25 53 55 1 2500 3300 500 10000 
1 11 1 1 3 31 42 1 2500 3300 500 10000 
1 8 1 0 0 33 28 2 2500 3300 500 10000 
1 10 1 1 4 41 32 2 2500 3300 500 10000 
1 14 1 1 15 41 43 2 2500 3300 500 10000 
1 12 1 0 25 37 53 2 2500 3300 500 10000 
1 13 1 0 6 34 31 1 2500 3300 500 10000 
1 15 1 1 5 33 51 1 2500 3300 500 10000 
1 16 1 0 25 51 53 2 2500 3300 500 10000 
1 18 1 1 24 42 52 2 2500 3300 500 10000 
1 19 1 1 15 43 45 1 2500 3300 500 10000 
1 17 1 0 25 53 39 1 2500 3300 500 10000 
1 22 1 1 4 51 32 2 2500 3300 500 10000 
1 21 1 0 7 35 44 1 2500 3300 500 10000 
1 20 1 0 3 37 31 2 2500 3300 500 10000 
1 23 1 1 27 55 41 1 2500 3300 500 10000 
