1 0 1 0 6 55 34 2 2500 3300 500 10000 
1 2 1 1 5 46 33 2 2500 3300 500 10000 
1 3 1 1 24 52 53 1 2500 3300 500 10000 
1 1 1 0 15 43 44 1 2500 3300 500 10000 
1 6 1 1 17 36 45 2 2500 3300 500 10000 
1 4 1 0 19 29 47 2 2500 3300 500 10000 
1 7 1 1 8 36 54 1 2500 3300 500 10000 
1 5 1 0 7 35 45 1 2500 3300 500 10000 
1 8 1 0 24 31 52 2 2500 3300 500 10000 
1 11 1 1 15 43 46 1 2500 3300 500 10000 
1 9 1 0 25 53 36 1 2500 3300 500 10000 
1 10 1 1 20 46 48 2 2500 3300 500 10000 
1 14 1 1 3 45 31 2 2500 3300 500 10000 
1 12 1 0 25 30 53 2 2500 3300 500 10000 
1 15 1 1 11 39 43 1 2500 3300 500 10000 
1 13 1 0 22 50 42 1 2500 3300 500 10000 
1 17 1 0 15 43 38 1 2500 3300 500 10000 
1 19 1 1 9 37 34 1 2500 3300 500 10000 
1 16 1 0 8 35 36 2 2500 3300 500 10000 
1 18 1 1 3 44 31 2 2500 3300 500 10000 
1 23 1 1 14 42 47 1 2500 3300 500 10000 
1 20 1 0 3 53 31 2 2500 3300 500 10000 
1 22 1 1 27 50 55 2 2500 3300 500 10000 
1 21 1 0 12 40 33 1 2500 3300 500 10000 
