1 3 3 0 3 7 22 1 2500 3300 500 10000 
1 2 3 0 23 8 3 2 2500 3300 500 10000 
1 1 3 0 19 11 22 1 2500 3300 500 10000 
1 0 3 0 20 6 12 2 2500 3300 500 10000 
1 5 3 0 12 16 17 1 2500 3300 500 10000 
1 6 3 0 8 9 0 2 2500 3300 500 10000 
1 7 3 0 22 10 4 1 2500 3300 500 10000 
1 4 3 0 21 0 9 2 2500 3300 500 10000 
1 11 3 0 11 15 8 1 2500 3300 500 10000 
1 10 3 0 6 7 22 2 2500 3300 500 10000 
1 8 3 0 13 0 21 2 2500 3300 500 10000 
1 9 3 0 18 2 21 1 2500 3300 500 10000 
1 15 3 0 9 1 6 1 2500 3300 500 10000 
1 12 3 0 6 4 14 2 2500 3300 500 10000 
1 14 3 0 22 16 18 2 2500 3300 500 10000 
1 13 3 0 2 22 9 1 2500 3300 500 10000 
1 17 3 0 20 4 7 1 2500 3300 500 10000 
1 16 3 0 3 12 11 2 2500 3300 500 10000 
1 18 3 0 10 4 2 2 2500 3300 500 10000 
1 19 3 0 18 22 12 1 2500 3300 500 10000 
1 21 3 0 0 4 18 1 2500 3300 500 10000 
1 22 3 0 6 3 22 2 2500 3300 500 10000 
1 23 3 0 21 9 2 1 2500 3300 500 10000 
1 20 3 0 1 2 17 2 2500 3300 500 10000 
