1 0 2 0 0 35 24 2 2500 3300 500 10000 
1 2 2 1 10 45 34 2 2500 3300 500 10000 
1 3 2 1 21 45 47 1 2500 3300 500 10000 
1 1 2 0 1 25 31 1 2500 3300 500 10000 
1 4 2 0 4 40 28 2 2500 3300 500 10000 
1 6 2 1 4 25 28 2 2500 3300 500 10000 
1 7 2 1 8 32 44 1 2500 3300 500 10000 
1 5 2 0 5 29 32 1 2500 3300 500 10000 
1 10 2 1 17 31 41 2 2500 3300 500 10000 
1 11 2 1 5 29 30 1 2500 3300 500 10000 
1 8 2 0 8 29 32 2 2500 3300 500 10000 
1 9 2 0 9 33 37 1 2500 3300 500 10000 
1 13 2 0 13 37 45 1 2500 3300 500 10000 
1 12 2 0 12 35 36 2 2500 3300 500 10000 
1 14 2 1 18 36 42 2 2500 3300 500 10000 
1 15 2 1 8 32 44 1 2500 3300 500 10000 
1 18 2 1 16 28 40 2 2500 3300 500 10000 
1 19 2 1 5 29 33 1 2500 3300 500 10000 
1 16 2 0 16 31 40 2 2500 3300 500 10000 
1 17 2 0 17 41 32 1 2500 3300 500 10000 
1 21 2 0 21 45 35 1 2500 3300 500 10000 
1 23 2 1 18 42 30 1 2500 3300 500 10000 
1 22 2 1 11 25 35 2 2500 3300 500 10000 
1 20 2 0 20 30 44 2 2500 3300 500 10000 
