2 -1 3 -1 22 3 2 2 2500 3300 500 10000
2 -1 3 -1 3 19 12 1 2500 3300 500 10000
2 -1 3 -1 11 15 6 1 2500 3300 500 10000
2 -1 3 -1 9 17 16 1 2500 3300 500 10000
2 -1 3 -1 23 9 11 2 2500 3300 500 10000
2 -1 3 -1 12 8 18 1 2500 3300 500 10000
2 -1 3 -1 13 18 17 2 2500 3300 500 10000
2 -1 3 -1 5 16 21 2 2500 3300 500 10000
2 -1 3 -1 13 21 12 1 2500 3300 500 10000
2 -1 3 -1 23 6 11 2 2500 3300 500 10000
2 -1 3 -1 17 15 1 2 2500 3300 500 10000
2 -1 3 -1 17 21 12 1 2500 3300 500 10000
2 -1 3 -1 18 11 22 2 2500 3300 500 10000
2 -1 3 -1 1 12 13 2 2500 3300 500 10000
2 -1 3 -1 7 0 19 2 2500 3300 500 10000
2 -1 3 -1 19 15 17 1 2500 3300 500 10000
2 -1 3 -1 20 13 16 2 2500 3300 500 10000
2 -1 3 -1 5 13 11 1 2500 3300 500 10000
2 -1 3 -1 4 7 12 2 2500 3300 500 10000
2 -1 3 -1 23 7 10 1 2500 3300 500 10000
