2 -1 1 -1 10 38 34 1 2500 3300 500 10000
2 -1 1 -1 15 33 43 2 2500 3300 500 10000
2 -1 1 -1 13 41 31 1 2500 3300 500 10000
2 -1 1 -1 8 36 38 1 2500 3300 500 10000
2 -1 1 -1 7 35 34 1 2500 3300 500 10000
2 -1 1 -1 11 31 39 2 2500 3300 500 10000
2 -1 1 -1 27 38 55 2 2500 3300 500 10000
2 -1 1 -1 19 47 55 1 2500 3300 500 10000
2 -1 1 -1 17 45 54 1 2500 3300 500 10000
2 -1 1 -1 1 46 29 2 2500 3300 500 10000
2 -1 1 -1 2 50 30 2 2500 3300 500 10000
2 -1 1 -1 18 52 46 2 2500 3300 500 10000
2 -1 1 -1 16 31 44 2 2500 3300 500 10000
2 -1 1 -1 9 35 37 2 2500 3300 500 10000
2 -1 1 -1 23 51 41 1 2500 3300 500 10000
2 -1 1 -1 24 52 50 1 2500 3300 500 10000
2 -1 1 -1 6 41 34 2 2500 3300 500 10000
2 -1 1 -1 14 31 42 2 2500 3300 500 10000
2 -1 1 -1 3 31 36 1 2500 3300 500 10000
2 -1 1 -1 22 52 50 2 2500 3300 500 10000
