2 -1 2 -1 1 27 25 2 2500 3300 500 10000
2 -1 2 -1 3 24 27 2 2500 3300 500 10000
2 -1 2 -1 0 31 24 2 2500 3300 500 10000
2 -1 2 -1 20 44 32 1 2500 3300 500 10000
2 -1 2 -1 12 36 24 1 2500 3300 500 10000
2 -1 2 -1 6 35 30 2 2500 3300 500 10000
2 -1 2 -1 5 38 29 2 2500 3300 500 10000
2 -1 2 -1 22 24 46 2 2500 3300 500 10000
2 -1 2 -1 21 28 45 2 2500 3300 500 10000
2 -1 2 -1 2 29 26 2 2500 3300 500 10000
2 -1 2 -1 7 30 31 2 2500 3300 500 10000
2 -1 2 -1 14 38 29 1 2500 3300 500 10000
2 -1 2 -1 17 41 43 1 2500 3300 500 10000
2 -1 2 -1 9 24 33 2 2500 3300 500 10000
2 -1 2 -1 15 43 39 2 2500 3300 500 10000
2 -1 2 -1 23 47 24 1 2500 3300 500 10000
2 -1 2 -1 11 35 31 1 2500 3300 500 10000
2 -1 2 -1 13 29 37 2 2500 3300 500 10000
2 -1 2 -1 8 32 28 1 2500 3300 500 10000
2 -1 2 -1 19 43 26 1 2500 3300 500 10000
